U.S. Inflation|1.00
U.S. Cash|-0.03,1.00
U.S. Intermediate Treasuries|-0.27,0.20,1.00
U.S. Long Treasuries|-0.22,0.05,0.84,1.00
TIPS|-0.03,0.02,0.63,0.61,1.00
U.S. Aggregate Bonds|-0.24,0.10,0.85,0.85,0.76,1.00
U.S. Securitized|-0.22,0.10,0.79,0.75,0.70,0.94,1.00
U.S. Short Duration Government/Credit|-0.29,0.32,0.85,0.61,0.63,0.82,0.77,1.00
U.S. Long Duration Government/Credit|-0.22,0.04,0.75,0.91,0.70,0.94,0.82,0.67,1.00
U.S. Inv Grade Corporate Bonds|-0.19,0.02,0.55,0.62,0.73,0.87,0.77,0.67,0.86,1.00
U.S. Long Corporate Bonds|-0.19,0.01,0.54,0.69,0.68,0.87,0.75,0.61,0.92,0.97,1.00
U.S. High Yield Bonds|-0.01,-0.03,0.03,0.04,0.51,0.41,0.41,0.31,0.36,0.67,0.61,1.00
U.S. Leveraged Loans|0.15,-0.04,-0.34,-0.26,0.18,0.05,0.06,-0.04,0.05,0.36,0.32,0.76,1.00
World Government Bonds hedged|-0.29,0.12,0.87,0.87,0.64,0.88,0.80,0.74,0.85,0.68,0.70,0.17,-0.17,1.00
World Government Bonds|-0.18,0.13,0.77,0.68,0.69,0.82,0.74,0.76,0.76,0.71,0.70,0.35,-0.03,0.75,1.00
World ex-U.S. Government Bonds hedged|-0.30,0.12,0.74,0.74,0.59,0.79,0.71,0.65,0.77,0.66,0.67,0.24,-0.07,0.96,0.68,1.00
World ex-U.S. Government Bonds|-0.17,0.12,0.68,0.58,0.66,0.76,0.69,0.71,0.69,0.70,0.68,0.42,0.04,0.67,0.98,0.63,1.00
Emerging Markets Sovereign Debt|-0.16,0.03,0.34,0.38,0.63,0.67,0.61,0.51,0.64,0.83,0.79,0.76,0.46,0.47,0.62,0.49,0.65,1.00
Emerging Markets Local Currency Debt|-0.06,0.11,0.26,0.22,0.47,0.50,0.44,0.44,0.46,0.63,0.60,0.62,0.35,0.30,0.63,0.31,0.69,0.81,1.00
Emerging Markets Corporate Bonds|-0.10,-0.01,0.22,0.27,0.56,0.58,0.51,0.45,0.55,0.80,0.74,0.72,0.55,0.34,0.49,0.34,0.51,0.89,0.72,1.00
U.S. Muni 1-15 Yr Blend|-0.18,0.05,0.54,0.53,0.59,0.73,0.71,0.57,0.66,0.71,0.68,0.45,0.19,0.62,0.58,0.60,0.56,0.64,0.41,0.51,1.00
U.S. Muni High Yield|0.16,-0.07,0.18,0.28,0.50,0.46,0.46,0.22,0.42,0.58,0.52,0.52,0.49,0.32,0.29,0.32,0.30,0.58,0.32,0.57,0.65,1.00
U.S. Large Cap|-0.01,0.01,-0.01,0.02,0.34,0.30,0.29,0.16,0.29,0.51,0.49,0.75,0.58,0.14,0.32,0.22,0.38,0.63,0.59,0.56,0.28,0.35,1.00
U.S. Mid Cap|-0.02,-0.02,-0.05,0.00,0.34,0.29,0.29,0.13,0.28,0.52,0.50,0.79,0.62,0.11,0.29,0.18,0.36,0.63,0.59,0.57,0.29,0.36,0.96,1.00
U.S. Small Cap|-0.04,-0.03,-0.08,-0.05,0.26,0.22,0.24,0.08,0.21,0.42,0.41,0.71,0.55,0.06,0.22,0.14,0.29,0.54,0.53,0.48,0.23,0.27,0.90,0.95,1.00
Euro Area Large Cap|-0.03,0.08,0.03,0.00,0.32,0.33,0.32,0.26,0.29,0.52,0.50,0.73,0.52,0.11,0.44,0.16,0.52,0.68,0.73,0.62,0.30,0.31,0.84,0.83,0.75,1.00
Japanese Equity|-0.08,0.03,0.06,0.07,0.31,0.35,0.34,0.27,0.34,0.55,0.53,0.68,0.49,0.15,0.38,0.19,0.44,0.61,0.63,0.58,0.28,0.31,0.74,0.74,0.67,0.78,1.00
Hong Kong Equity|-0.05,-0.02,-0.01,0.02,0.24,0.29,0.27,0.21,0.27,0.50,0.46,0.57,0.48,0.02,0.31,0.02,0.37,0.60,0.67,0.64,0.29,0.36,0.56,0.56,0.49,0.67,0.58,1.00
UK Large Cap|0.04,0.02,-0.08,-0.09,0.28,0.24,0.25,0.15,0.22,0.47,0.45,0.72,0.61,0.00,0.34,0.06,0.42,0.62,0.67,0.60,0.23,0.36,0.81,0.80,0.72,0.91,0.76,0.71,1.00
EAFE Equity|-0.03,0.05,0.02,0.02,0.35,0.34,0.33,0.25,0.32,0.56,0.54,0.77,0.57,0.11,0.44,0.16,0.52,0.71,0.75,0.65,0.30,0.35,0.87,0.87,0.78,0.97,0.86,0.71,0.94,1.00
Chinese Domestic Equity|-0.05,0.06,-0.01,0.03,0.13,0.19,0.19,0.13,0.18,0.31,0.29,0.34,0.29,0.05,0.17,0.05,0.20,0.35,0.37,0.41,0.14,0.21,0.34,0.34,0.31,0.38,0.34,0.61,0.39,0.40,1.00
Emerging Markets Equity|-0.02,0.03,0.00,0.02,0.35,0.32,0.30,0.24,0.30,0.54,0.51,0.72,0.56,0.08,0.41,0.11,0.48,0.70,0.80,0.70,0.27,0.38,0.73,0.74,0.66,0.82,0.71,0.83,0.81,0.86,0.57,1.00
AC Asia ex-Japan Equity|-0.07,0.03,0.03,0.06,0.33,0.34,0.32,0.26,0.33,0.56,0.53,0.69,0.53,0.11,0.40,0.12,0.46,0.68,0.76,0.69,0.29,0.38,0.70,0.70,0.63,0.78,0.69,0.88,0.76,0.82,0.62,0.98,1.00
AC World Equity|-0.02,0.03,0.00,0.01,0.37,0.33,0.32,0.21,0.32,0.56,0.54,0.79,0.61,0.13,0.39,0.19,0.47,0.70,0.71,0.64,0.29,0.37,0.97,0.94,0.87,0.92,0.82,0.68,0.90,0.96,0.41,0.86,0.82,1.00
U.S. Equity Value Factor|-0.04,-0.03,-0.05,-0.04,0.29,0.25,0.27,0.13,0.24,0.47,0.45,0.75,0.57,0.09,0.28,0.17,0.35,0.60,0.59,0.54,0.25,0.30,0.96,0.96,0.93,0.83,0.74,0.55,0.82,0.86,0.32,0.72,0.68,0.94,1.00
U.S. Equity Momentum Factor|0.00,0.02,-0.02,0.03,0.37,0.30,0.29,0.15,0.30,0.52,0.50,0.76,0.60,0.14,0.30,0.22,0.36,0.63,0.56,0.55,0.30,0.38,0.97,0.96,0.89,0.80,0.72,0.54,0.77,0.84,0.35,0.72,0.69,0.94,0.91,1.00
U.S. Equity Quality Factor|-0.03,0.01,0.01,0.04,0.35,0.31,0.31,0.17,0.31,0.52,0.50,0.73,0.55,0.16,0.33,0.24,0.39,0.64,0.60,0.56,0.31,0.34,0.99,0.95,0.89,0.83,0.73,0.54,0.80,0.87,0.33,0.71,0.68,0.95,0.96,0.96,1.00
U.S. Equity Minimum Volatility Factor|-0.02,-0.06,0.02,0.07,0.36,0.32,0.31,0.16,0.33,0.52,0.51,0.72,0.53,0.17,0.33,0.24,0.40,0.64,0.61,0.54,0.31,0.35,0.92,0.91,0.84,0.78,0.68,0.53,0.78,0.83,0.29,0.68,0.64,0.89,0.92,0.89,0.94,1.00
U.S. Equity Dividend Yield Factor|-0.02,-0.06,-0.03,0.00,0.33,0.28,0.29,0.15,0.28,0.49,0.48,0.74,0.57,0.10,0.30,0.17,0.37,0.62,0.62,0.55,0.29,0.32,0.92,0.94,0.89,0.81,0.70,0.57,0.82,0.85,0.30,0.72,0.68,0.91,0.96,0.87,0.93,0.95,1.00
Global Convertible Bonds hedged|-0.11,0.00,-0.03,0.04,0.38,0.35,0.33,0.22,0.34,0.61,0.57,0.82,0.68,0.14,0.31,0.21,0.38,0.71,0.62,0.70,0.34,0.41,0.86,0.89,0.83,0.80,0.75,0.65,0.77,0.85,0.47,0.80,0.78,0.90,0.83,0.89,0.84,0.77,0.79,1.00
U.S. Core Real Estate|0.34,-0.12,-0.28,-0.19,0.07,-0.15,-0.11,-0.23,-0.14,-0.02,-0.05,0.32,0.42,-0.20,-0.17,-0.17,-0.15,0.09,0.10,0.20,-0.22,0.33,0.35,0.32,0.28,0.20,0.24,0.19,0.32,0.26,0.13,0.28,0.27,0.32,0.32,0.32,0.31,0.35,0.31,0.23,1.00
U.S. Value-Added Real Estate|0.34,-0.12,-0.28,-0.19,0.07,-0.15,-0.11,-0.23,-0.14,-0.02,-0.05,0.32,0.42,-0.20,-0.17,-0.17,-0.15,0.09,0.10,0.20,-0.22,0.33,0.35,0.32,0.28,0.20,0.24,0.19,0.32,0.26,0.13,0.28,0.27,0.32,0.32,0.32,0.31,0.35,0.31,0.23,1.00,1.00
European Core Real Estate|0.37,-0.02,-0.29,-0.27,0.19,-0.08,-0.05,-0.10,-0.11,0.14,0.07,0.49,0.52,-0.20,0.06,-0.15,0.13,0.30,0.37,0.40,-0.07,0.34,0.54,0.50,0.43,0.51,0.41,0.46,0.58,0.55,0.40,0.61,0.57,0.58,0.47,0.53,0.49,0.43,0.43,0.53,0.65,0.65,1.00
Asia Pacific Core Real Estate|0.20,-0.11,-0.24,-0.22,0.25,0.05,0.08,-0.03,0.02,0.32,0.26,0.65,0.64,-0.17,0.16,-0.12,0.24,0.47,0.51,0.54,0.15,0.48,0.57,0.62,0.53,0.61,0.51,0.64,0.69,0.66,0.36,0.70,0.67,0.65,0.59,0.57,0.55,0.60,0.63,0.60,0.55,0.55,0.63,1.00
U.S. REITs|-0.02,-0.05,0.13,0.23,0.41,0.42,0.41,0.21,0.43,0.55,0.55,0.68,0.42,0.29,0.39,0.33,0.42,0.62,0.58,0.52,0.34,0.38,0.77,0.79,0.75,0.68,0.58,0.46,0.64,0.71,0.18,0.59,0.57,0.76,0.78,0.74,0.78,0.83,0.81,0.66,0.44,0.44,0.36,0.59,1.00
Commercial Mortgage Loans|0.07,0.03,0.25,0.24,0.55,0.48,0.49,0.33,0.39,0.51,0.45,0.50,0.43,0.36,0.31,0.37,0.32,0.57,0.41,0.53,0.51,0.59,0.31,0.33,0.24,0.29,0.15,0.30,0.28,0.29,0.23,0.37,0.35,0.32,0.27,0.35,0.33,0.38,0.32,0.35,0.31,0.31,0.30,0.43,0.42,1.00
Global Core Infrastructure|0.15,0.04,-0.18,-0.22,0.22,0.06,0.07,0.05,0.01,0.28,0.23,0.56,0.57,-0.14,0.23,-0.08,0.33,0.48,0.54,0.48,0.14,0.30,0.47,0.48,0.43,0.57,0.46,0.51,0.59,0.58,0.13,0.58,0.52,0.55,0.48,0.46,0.47,0.46,0.49,0.45,0.29,0.29,0.48,0.56,0.38,0.38,1.00
Global Core Transport|0.25,0.13,-0.01,0.01,-0.11,-0.16,-0.14,-0.15,-0.14,-0.33,-0.28,-0.23,-0.12,-0.06,-0.12,-0.10,-0.16,-0.29,-0.14,-0.28,-0.25,-0.10,-0.07,-0.12,-0.11,-0.08,-0.23,-0.12,-0.13,-0.14,-0.13,-0.15,-0.13,-0.11,-0.10,-0.08,-0.06,-0.04,-0.09,-0.27,0.24,0.24,0.04,-0.01,0.06,0.04,0.02,1.00
Global Timberland|-0.07,0.16,-0.07,-0.16,0.17,0.10,0.11,0.13,0.05,0.26,0.22,0.37,0.29,-0.06,0.25,-0.02,0.32,0.40,0.51,0.34,0.14,0.13,0.45,0.47,0.45,0.56,0.38,0.53,0.53,0.55,0.34,0.53,0.50,0.52,0.47,0.44,0.44,0.46,0.47,0.41,-0.01,-0.01,0.26,0.43,0.35,0.10,0.46,-0.04,1.00
Commodities|0.28,-0.03,-0.16,-0.21,0.27,0.00,-0.01,0.02,-0.01,0.19,0.16,0.43,0.40,-0.20,0.19,-0.17,0.26,0.32,0.43,0.32,-0.05,0.20,0.42,0.44,0.35,0.45,0.36,0.41,0.58,0.50,0.18,0.54,0.47,0.50,0.41,0.42,0.40,0.39,0.45,0.41,0.35,0.35,0.55,0.55,0.29,0.12,0.44,-0.10,0.39,1.00
Gold|-0.01,0.13,0.36,0.30,0.46,0.38,0.32,0.38,0.34,0.36,0.32,0.14,-0.04,0.28,0.50,0.22,0.50,0.32,0.39,0.30,0.23,0.15,0.03,0.03,-0.03,0.12,0.07,0.22,0.14,0.14,0.21,0.25,0.23,0.11,0.00,0.06,0.05,0.09,0.05,0.13,-0.07,-0.07,0.13,0.22,0.10,0.38,0.18,0.06,0.22,0.34,1.00
Private Equity|0.07,-0.01,-0.31,-0.35,0.18,0.01,0.03,-0.01,-0.05,0.35,0.26,0.71,0.67,-0.22,0.10,-0.14,0.20,0.57,0.59,0.60,0.13,0.37,0.75,0.78,0.74,0.76,0.59,0.68,0.78,0.78,0.49,0.80,0.76,0.81,0.75,0.76,0.74,0.70,0.73,0.79,0.32,0.32,0.62,0.70,0.52,0.35,0.62,-0.21,0.60,0.54,0.10,1.00
Venture Capital|-0.07,-0.08,-0.23,-0.23,0.16,0.03,0.05,-0.04,-0.02,0.27,0.20,0.54,0.51,-0.11,0.03,-0.02,0.11,0.45,0.40,0.46,0.12,0.32,0.63,0.67,0.70,0.55,0.50,0.49,0.54,0.58,0.47,0.60,0.59,0.64,0.60,0.66,0.61,0.53,0.54,0.72,0.24,0.24,0.51,0.44,0.35,0.29,0.42,-0.15,0.40,0.29,0.00,0.76,1.00
Diversified Hedge Funds|0.06,0.04,-0.27,-0.18,0.21,0.06,0.04,-0.03,0.08,0.35,0.32,0.61,0.68,-0.14,0.05,-0.06,0.12,0.46,0.40,0.49,0.11,0.40,0.68,0.71,0.64,0.63,0.58,0.54,0.67,0.69,0.43,0.66,0.63,0.72,0.63,0.74,0.66,0.59,0.61,0.80,0.33,0.33,0.57,0.59,0.42,0.27,0.41,-0.18,0.45,0.50,0.11,0.76,0.70,1.00
Event Driven Hedge Funds|0.04,0.01,-0.18,-0.16,0.26,0.16,0.17,0.09,0.15,0.43,0.40,0.77,0.76,-0.06,0.18,0.02,0.26,0.57,0.53,0.57,0.20,0.41,0.80,0.85,0.82,0.75,0.69,0.59,0.79,0.81,0.40,0.74,0.70,0.85,0.82,0.81,0.78,0.72,0.79,0.87,0.34,0.34,0.53,0.66,0.59,0.30,0.49,-0.18,0.47,0.53,0.05,0.82,0.67,0.86,1.00
Long Bias Hedge Funds|-0.02,0.03,-0.10,-0.09,0.30,0.24,0.23,0.17,0.23,0.50,0.47,0.77,0.68,0.01,0.28,0.08,0.36,0.62,0.62,0.61,0.23,0.36,0.87,0.90,0.85,0.82,0.77,0.69,0.83,0.88,0.47,0.84,0.81,0.93,0.86,0.89,0.85,0.77,0.82,0.92,0.28,0.28,0.57,0.63,0.62,0.30,0.52,-0.19,0.50,0.53,0.14,0.83,0.73,0.86,0.93,1.00
Relative Value Hedge Funds|0.10,-0.02,-0.23,-0.18,0.27,0.15,0.15,0.08,0.14,0.45,0.40,0.81,0.86,-0.10,0.11,-0.02,0.19,0.59,0.54,0.63,0.21,0.48,0.68,0.73,0.66,0.68,0.64,0.63,0.75,0.74,0.43,0.75,0.71,0.76,0.69,0.71,0.65,0.63,0.69,0.82,0.39,0.39,0.58,0.69,0.52,0.38,0.52,-0.19,0.43,0.55,0.09,0.79,0.59,0.83,0.90,0.85,1.00
Macro Hedge Funds|0.01,0.01,-0.14,-0.11,0.04,-0.11,-0.18,-0.04,-0.05,0.00,0.01,0.08,0.07,-0.14,0.04,-0.11,0.06,0.05,0.12,0.02,-0.13,-0.09,0.14,0.17,0.13,0.17,0.10,0.15,0.22,0.20,0.09,0.22,0.19,0.20,0.14,0.17,0.14,0.15,0.18,0.22,0.03,0.03,0.16,0.11,0.08,-0.16,0.04,-0.07,0.30,0.42,0.27,0.23,0.14,0.46,0.27,0.30,0.27,1.00
Direct Lending|0.15,-0.06,-0.24,-0.22,0.19,0.07,0.15,-0.06,0.02,0.28,0.24,0.62,0.62,-0.12,0.01,-0.03,0.10,0.45,0.42,0.45,0.18,0.44,0.55,0.61,0.58,0.51,0.38,0.48,0.57,0.54,0.22,0.53,0.49,0.57,0.59,0.53,0.53,0.55,0.59,0.55,0.35,0.35,0.39,0.65,0.52,0.46,0.42,-0.08,0.38,0.42,0.03,0.66,0.45,0.54,0.67,0.59,0.67,-0.05,1.00
